3.418249640893699509e-02 2.558859636959763886e-02 1.519315946404536655e-01 6.461950765402917352e-01 2.283276412565804492e+00 8.151743387708643596e+00 5.205533575319310557e+01 1.552097820468829923e+02 1.293293149520535223e+02 2.039815845410846293e+02
3.667949522763587489e-02 3.468267120680596644e-02 6.086270512793413856e-02 1.256723024497037100e+00 1.713227228558438453e+00 2.764261654083174236e+01 3.035769986232885458e+02 1.889371075066281946e+02 3.794341261768219624e+02 3.532182727924031951e+03
3.126790313980591651e-02 2.593088158279642855e-02 5.998369465599383277e-02 4.927706640140507299e-01 2.176505145021224497e+00 5.169479406240610864e+00 5.685475987206688586e+01 1.324815696949387302e+03 3.139976761066077415e+02 4.631903135862121417e+02
3.676017439175647411e-02 3.000192568117892103e-02 4.453791635224994133e-02 1.003909929834846615e+00 1.573212470426470055e+00 1.606487543728782441e+01 1.520217489574148146e+02 5.518124089012148659e+01 2.426919446567662817e+03 1.156345332650515411e+04
3.396892865174013648e-02 2.539252925979209111e-02 4.390678640826847084e-02 5.416752706352305768e-01 3.006302899799520478e+00 2.275062587310245021e+01 2.358057072903058611e+02 3.362747184381589705e+02 1.851735093481188130e+02 5.505868692084447957e+02
3.489366208402062963e-02 2.431820364397518919e-02 5.863965684190240030e-02 8.609301562646595185e-01 1.902738078883705697e+01 7.372449653007270065e+00 3.851976297841436292e+01 3.364286102825894176e+01 5.399785004988595460e+01 4.563966093001993431e+04
3.600367658446488456e-02 3.193045093817704905e-02 7.732480566277033507e-02 8.906932227345116804e-01 1.720958168009939504e+00 4.595392521245562634e+00 5.724530804948836149e+00 7.579829798726731838e+01 3.187396991803109358e+02 8.305317164645210141e+03
3.207269378415985445e-02 2.655342151198640879e-02 5.298523952582431112e-02 7.240438593513289778e-01 3.832835639500158376e+00 1.397516351956257807e+01 6.203510231954557952e+01 2.329114198969492975e+02 9.224248783601414914e+01 1.379882189339033175e+03
3.439290147163914096e-02 3.023818504993651402e-02 5.346345126445922746e-02 1.529977655544763504e+00 2.123180013276752209e+00 2.050941928705046990e+01 9.736165754958966190e+00 6.609087084609615204e+01 5.093025308362000487e+02 1.208342972911698553e+03
3.563844402303958936e-02 3.487810641887847951e-02 4.750437574777558597e-02 7.427738592672220586e-01 4.609874238530329293e+00 6.056044581906260760e+01 4.217109667075511226e+01 1.255965644121241439e+03 3.125279158317756014e+02 9.167611779340191788e+03
3.230558295510744388e-02 2.897511648253951050e-02 8.751486603248544160e-02 8.748337338523819451e-01 3.954464688724212529e+00 4.372398840818047638e+00 2.269880952136337839e+02 6.610618824362701673e+01 3.424654231722801114e+02 5.365010566703017503e+02
3.716771818144555539e-02 2.579005860950805626e-02 5.603969030196039036e-02 3.580207041325934592e-01 2.253005684686266719e+00 1.349232110209013413e+01 2.870440398065192156e+01 5.280224131220107893e+02 4.584289368394212261e+02 4.079171033989561010e+02
3.609330660818672876e-02 3.189680032103815732e-02 1.045352887261961627e-01 7.409673617392570355e-01 1.813341146244944246e+00 2.950390103964658284e+00 3.033469119691988780e+01 2.144606158606013082e+02 1.001294110745714363e+02 3.263542649503691564e+02
3.304955285363311845e-02 3.321513801029142565e-02 7.389480544788386285e-02 5.538528205945292271e-01 2.158315445341765226e+00 3.965491189914235992e+00 4.888991024579402733e+01 1.721298123150838819e+02 1.478387103029457103e+04 2.791926585542946214e+03
3.699200259008249975e-02 2.330357097094153812e-02 4.195944742127411670e-02 2.689903913052988926e-01 2.118587199475256089e+00 1.480203716399767444e+01 2.560671885483574783e+01 2.037175970285710846e+01 1.097262415413419347e+02 6.412104737191101549e+02
3.551318230546192389e-02 2.374742548802394673e-02 3.983606311830593938e-02 9.797854959508294215e-01 9.198706728809805000e+00 3.730299232879996651e+00 3.873516896330782799e+01 3.009099947367339212e+01 3.541873523330870910e+01 2.290423940071567301e+02
3.351839685387676682e-02 3.107042005908498827e-02 5.892432024101936644e-02 3.834341029547532753e-01 1.432848377081016089e+00 3.053131575519056007e+00 1.407478368122259837e+01 1.216798629244130936e+01 4.930025283098861166e+01 6.138425909613653175e+01
3.493808021070729519e-02 2.965216585817152459e-02 1.150255807402266739e-01 2.814599136875978180e-01 8.554351428566070448e-01 1.652830907607702793e+00 1.498315057361863367e+01 1.073097098920890247e+01 1.311124209061400769e+01 2.600024976407224742e+01
3.492810424343859022e-02 2.762868065439935683e-02 5.414363234398022334e-02 2.131004549480695065e-01 6.726127871362129751e-01 1.757449689986966712e+00 2.695046025200402262e+00 5.959824697729438903e+00 2.287395306960662467e+01 3.427006377477741950e+01
3.148217957743001949e-02 3.038728352923865395e-02 7.833591901346423358e-02 2.957841958787857939e-01 5.239200684544653708e-01 1.163945528416582720e+00 1.752868968373461733e+00 4.573774152607629873e+00 1.540840871398189904e+01 1.748239492350905522e+01
3.509840027347374547e-02 2.928821471689453323e-02 3.998536459396978548e-02 1.484341706928083982e-01 5.473067437035992189e-01 1.407578023486243168e+00 1.473476307239022232e+00 5.204450303986499549e+00 1.020929875703961720e+01 8.394286435182294781e+00
3.581365561066324199e-02 2.372375323952618034e-02 2.923390516441571121e-02 1.188324488474006568e-01 4.008968383962737692e-01 4.402038760829687924e-01 7.218172529825704897e-01 2.475057049794631325e+01 1.203031984250065101e+01 4.262582700992247453e+00
3.503872062215495492e-02 3.187610508286205929e-02 5.833843495828609088e-02 1.108624713865690309e-01 3.649548335715127045e-01 3.458729118186308904e-01 6.394826226558371074e-01 4.377303013756070338e-01 2.064647763504762867e+00 5.415168765285805819e+00
3.403651587594506978e-02 3.217170285890201542e-02 5.785854785532471706e-02 8.643163282222168786e-02 3.430991105007070718e-01 1.639396571996657725e-01 6.578917173329874579e-01 2.109690940928186542e+00 1.290113353515894623e+00 1.618026171147417536e+00
3.567105440845576292e-02 2.986026710460869607e-02 3.806779838629512080e-02 8.066268222686223677e-02 1.368952467743672630e-01 1.026994889167144875e-01 4.036648503479505212e-01 1.708445518077006398e+00 8.284133821486873162e-01 6.353687597706986212e-01
3.534555690241253378e-02 2.742979496326416328e-02 3.488724233885123760e-02 1.023620052464819657e-01 1.085977013123691076e-01 2.042380509979511427e-01 4.781252779046121781e-01 6.676129245352514507e-01 9.414657291881356471e-01 5.352118588130629906e-01
3.480999735657398786e-02 2.367383846947331699e-02 2.454535279231600392e-02 6.822717654819648869e-02 9.602885101120003930e-02 1.216977976780134474e-01 7.936044356331529992e-02 1.591004634281536489e-01 4.170272050094877003e-01 1.402525815494399808e+00
3.673738619652866522e-02 2.625528710072260949e-02 6.726980346245860221e-02 5.785367748424422724e-02 8.826589675182167083e-02 9.485722436415815195e-02 8.445426778675982349e-02 1.370897169444652008e-01 2.685899200262336084e-01 2.932811155664991065e-01
3.397384042030696105e-02 2.533497585286557593e-02 2.222584526721736384e-02 4.985202231693974112e-02 5.142524951058552451e-02 7.864432167769307147e-02 5.802690452030332541e-02 9.968242264991258872e-02 1.809028132613330342e-01 5.575404576211497876e-01
3.354390556275860941e-02 3.406368391281860281e-02 2.380105965885542102e-02 3.420729151419465985e-02 4.376584614660126299e-02 1.575148044059657970e-01 4.016968379481532930e-02 6.558752850692189940e-02 7.995537958937984913e-01 1.910176512242208469e-01
3.635504052411880904e-02 2.482243248794501964e-02 2.378455116396516189e-02 2.517403149630060774e-02 4.069383299834002099e-02 8.267918958565961818e-02 2.281145360377385273e-02 3.831649101538739388e-01 1.162138463829211210e-01 9.017573159581666886e-02
3.634230866257184139e-02 2.782555852134592153e-02 1.979488825175794442e-02 1.873140522390336071e-02 2.228141432091541169e-02 5.025415994348187559e-02 2.545903425304955892e-02 2.831051862331940630e-02 5.376295214481980472e-02 1.054221249692785523e-01
3.367762500933604158e-02 2.377656158549881771e-02 1.732015184267418975e-02 1.448370841184615752e-02 3.251357967188773374e-02 1.842289249356275985e-02 2.248315269264909017e-02 3.053928757985138048e-02 3.215861428654099435e-02 3.235735102646809525e-01
3.646603310774202550e-02 3.219883128856241422e-02 1.751868030847292604e-02 1.449146852654042104e-02 2.322165768099802852e-02 1.588955231554566375e-02 2.186856431732247738e-02 1.951247983131346522e-02 1.892049746841170665e-02 4.743407499445820991e-02
3.309899704283534444e-02 3.001141763149512906e-02 1.379970565200522824e-02 1.271882420038733010e-02 1.426723754637507918e-02 1.309905644809111064e-02 2.073024439842272720e-02 1.662730611770361563e-02 7.771749834946393987e-02 4.249010177175236574e-02
3.528367949653590102e-02 2.227181537361764413e-02 1.296512646803580499e-02 1.091708818583887221e-02 1.290454214206231132e-02 1.155892504162899653e-02 1.431720060457624365e-02 2.549719032443185235e-02 1.644783139217239482e-02 1.843328565518173590e-02
3.292332735502363772e-02 2.522060821738368597e-02 1.996817315655906311e-02 1.144350191806597049e-02 9.874189156486783830e-03 1.090168645701674460e-02 1.471776727875354247e-02 1.776469983953861756e-02 2.808752182198318362e-02 1.188254187585922883e-02
3.644614502192291411e-02 2.191544390882286392e-02 1.221748509654967813e-02 1.407394926723236003e-02 1.017341618949350705e-02 1.009121814708333585e-02 1.360908598942457345e-02 1.812357923050014752e-02 1.246898735355235488e-02 2.776630713010736634e-02
3.477318500815860386e-02 2.422592002582915974e-02 1.084489797856297115e-02 1.242171606190472025e-02 9.423581892758832457e-03 8.591170376105681725e-03 1.086087369302831708e-02 1.275725347358265017e-02 1.229626493009513058e-02 1.827403483774811890e-02
3.480404173478717639e-02 2.406519225667227285e-02 8.533659082053212178e-03 1.333388144207819925e-02 1.181939695163307900e-02 1.262739615068345783e-02 1.081096302913872945e-02 1.031880886702428793e-02 1.626171564424914312e-02 1.440549960165446799e-02
3.337990459345213656e-02 2.651613704803057470e-02 1.159365044919084126e-02 1.526690087836956103e-02 1.282791128073583996e-02 1.153413976872976962e-02 1.230404622964343872e-02 9.266090775550095762e-03 1.071393049160671192e-02 1.352587780606214277e-02
3.565862293657062060e-02 2.803246557337325459e-02 1.314787025865347958e-02 1.359600374085451722e-02 1.460149117361683388e-02 1.639555439657400249e-02 1.679836827665519630e-02 1.619125794614111394e-02 1.744643895290987415e-02 9.881936100905684001e-03
3.690391517405066518e-02 3.174603481650050546e-02 1.797007903631401421e-02 1.437328679562871296e-02 1.393666119395458106e-02 1.558231884868590059e-02 1.727337827821236182e-02 1.493304615215542558e-02 1.213130813146724891e-02 1.476651049358301999e-02
3.331169924064376897e-02 2.963777712166404052e-02 1.986582957270115538e-02 1.397022354481273869e-02 1.474189179479042273e-02 1.514754683630641086e-02 1.610970336998157268e-02 1.531483485393224028e-02 1.471293563293967280e-02 1.599727605644192877e-02
2.910069710547238259e-02 2.995572100877597066e-02 2.374292768142108670e-02 1.570844334194182110e-02 1.370874061577621525e-02 1.377020677172131544e-02 1.375046799559041452e-02 1.389761334510519579e-02 1.482695553682900763e-02 1.417132748951849437e-02
2.596210365506539455e-02 3.148659700977719106e-02 2.266556954525802969e-02 1.799177925425280919e-02 1.349831073409495617e-02 1.162491010972946208e-02 1.057947203673140907e-02 1.000502444736783847e-02 1.133575647198595618e-02 1.103050595494248221e-02
2.031617003296748783e-02 2.880917789340258980e-02 2.767204842455258523e-02 2.108601622672903741e-02 1.812351076087358875e-02 1.374245239403167236e-02 1.128546562433844699e-02 1.045884801708322175e-02 1.036592422808363563e-02 1.026102896533017707e-02
2.240832667770864192e-02 2.710929108576064228e-02 3.130951402265968325e-02 3.169001601601727225e-02 2.857241765307154402e-02 2.543411517671251981e-02 2.147668092803129911e-02 2.200599163122931440e-02 1.872698230246622533e-02 1.799501923359588321e-02
4.431501653134874152e-02 3.176528616618587431e-02 3.570102848362262382e-02 4.025244145526585965e-02 4.171099404499184482e-02 4.073203408814091153e-02 3.941604076669050216e-02 3.778851900611164549e-02 3.678482151479443851e-02 3.768267648535567060e-02
8.316052652231274711e-02 5.995269895338582039e-02 5.348812534321607803e-02 5.382979170382898304e-02 5.589694601959226128e-02 5.783375840599688789e-02 5.866780233386986732e-02 5.956219612481831321e-02 6.029939804328339481e-02 6.058130049987222460e-02
