1.696741717294445895e+00 1.841576947859024038e+00 1.143764243286347293e+00 1.072176664700516202e+00 1.138825163044218103e+00 1.159397821444306809e+00 1.212799221512253389e+00 1.063301973789539057e+00 1.017598051374663859e+00 1.074318019198557517e+00
1.723956769211502538e+00 1.901510651274036068e+00 1.147024625849346835e+00 1.053494896785134971e+00 1.187689965954345617e+00 1.180734216366280176e+00 1.122000825231039389e+00 1.202632110178142533e+00 1.131493209289436752e+00 1.064769662343254986e+00
1.646728143101673147e+00 1.777195341940128737e+00 1.108464972924492642e+00 1.082525679295582854e+00 1.119270690498405774e+00 1.192633201962081335e+00 1.163124051104334367e+00 1.134305536569127026e+00 1.169745741327181898e+00 1.034333127231155558e+00
1.673493437858635913e+00 1.827927620841272471e+00 1.141116788843705709e+00 1.083474284764926576e+00 1.216047814713137498e+00 1.126477958917656119e+00 1.085674552798147730e+00 1.109859431623080539e+00 1.044068425171871706e+00 1.007900321777281727e+00
1.626243391717195452e+00 1.813273120977786812e+00 1.137337123058579813e+00 1.241377383309409943e+00 1.123813919429211161e+00 1.159145231732420456e+00 1.173884888657273473e+00 1.102081715088558012e+00 1.078316759213083120e+00 1.030941355625103917e+00
1.662773876289296959e+00 1.768056079114594725e+00 1.193735458021202733e+00 1.132630830379814713e+00 1.204647949501744142e+00 1.191040786909699944e+00 1.137267247120349989e+00 1.143890145064323960e+00 1.032354682769583532e+00 1.022110673815220361e+00
1.689210528453340077e+00 1.877029923129329703e+00 1.131183216280509107e+00 1.099259990581807012e+00 1.057597559240026186e+00 1.145416910432493385e+00 1.112774541070285839e+00 1.095324391894357374e+00 1.101051639512458991e+00 9.836712066065971261e-01
1.657855690070924704e+00 1.872358414220327338e+00 1.062024487527986505e+00 1.148314008473105829e+00 1.130713025251677051e+00 1.105129354650298934e+00 1.137261936893883663e+00 1.094208777536778809e+00 1.050827610977487225e+00 1.055334970513288173e+00
1.691221320989147792e+00 1.844534519453668420e+00 1.118910928022504248e+00 1.213059636788148543e+00 1.167522129848745260e+00 1.225554845530872683e+00 1.147167615474387281e+00 1.210892899128414024e+00 1.052501888111350814e+00 1.086877908263711445e+00
1.713033884448330380e+00 1.921663911488904919e+00 1.201462530121103711e+00 1.087940938283472381e+00 1.182888400351636227e+00 1.127203789894142938e+00 1.109346454101475477e+00 1.040954740213659635e+00 1.160728677071487969e+00 1.083522062283489351e+00
1.689074128637985339e+00 1.769669891806862072e+00 1.043810965929589996e+00 1.098517175852367744e+00 1.227383555951494287e+00 1.207046235553721036e+00 1.146670711340944226e+00 1.076799600776827015e+00 1.009170806251557639e+00 1.053043392929578159e+00
1.673944656909327477e+00 1.791015601235464549e+00 1.084359448377856472e+00 1.068574721022229612e+00 1.191813271707186761e+00 1.157631851895156494e+00 1.135771140198476026e+00 1.084999987875826299e+00 1.121857019369048691e+00 1.070768080112939113e+00
1.724650161642358626e+00 1.873792656922730337e+00 1.086367241373795034e+00 1.144799717587596577e+00 1.067470968413160692e+00 1.204361106245741109e+00 1.154766326939068000e+00 1.083914570629707086e+00 1.157316106584600046e+00 1.116743960983096029e+00
1.710784585994225893e+00 1.795546880819683500e+00 1.044204486688939504e+00 1.030271504153963180e+00 1.292982143042698873e+00 1.167454732886957558e+00 1.190285031910402580e+00 1.115028575831917612e+00 1.046298488112502589e+00 1.065363713897368614e+00
1.697505079083669877e+00 1.953985694623131542e+00 1.167400647186935370e+00 1.158947465905683538e+00 1.171470054391076543e+00 1.107655012791467941e+00 1.174575763240929493e+00 1.128866647713012927e+00 1.089662844509126316e+00 1.052147100473370234e+00
1.649197385404941318e+00 1.816742815809509803e+00 1.130851580926288236e+00 1.148775528200172591e+00 1.108731993679161310e+00 1.198453094149185993e+00 1.046453361890096412e+00 1.151778591840783905e+00 1.104194934213705848e+00 1.073629802192837657e+00
1.665547764516400076e+00 1.780445852127798156e+00 1.048783326816203454e+00 1.030228166071294194e+00 1.212890550218877372e+00 1.178141956085682951e+00 1.142966144744829826e+00 1.065481004140135690e+00 1.093759157235149271e+00 1.083533492058257997e+00
1.716201842873227301e+00 1.858725188377123860e+00 1.104539304592668580e+00 1.140294440415186461e+00 1.113604794235305340e+00 1.308956115112046570e+00 1.087273352657025516e+00 1.152758243973227348e+00 1.103931380423848863e+00 1.017053971680522473e+00
1.706398512061622963e+00 1.852846618939598233e+00 1.212597607904964292e+00 1.027459349190564586e+00 1.153733180022509908e+00 1.176488956277604636e+00 1.102433007333625037e+00 1.080100962403539366e+00 1.129662505666541916e+00 1.119789720503777009e+00
1.656087592260014896e+00 1.837719047201198830e+00 1.089293756132032165e+00 1.040137765889474375e+00 1.098481778233773021e+00 1.084209571362015012e+00 1.229800869440875077e+00 1.018188728720060166e+00 1.005943890147283692e+00 1.133900762346478741e+00
1.703960792896135112e+00 1.868937736527613191e+00 1.072896525947439006e+00 1.145940281782717562e+00 1.185210056275898260e+00 1.124977018441372545e+00 1.158987943914580043e+00 1.093011071931659250e+00 1.019637477844306694e+00 1.065177714547861809e+00
1.676824517422507155e+00 1.868304505584110320e+00 1.116206110419061481e+00 1.107047490124632771e+00 1.214549683311417327e+00 1.255286617679064243e+00 1.141807789144248853e+00 1.198332482850062997e+00 1.133307374177786819e+00 1.043455255684088812e+00
1.684641432408850115e+00 1.784531911925963277e+00 1.223407523525804175e+00 1.132202996900575576e+00 1.204141165123483237e+00 1.161229779978586674e+00 1.184587001507868553e+00 1.026036730399858765e+00 1.120746523153213214e+00 1.073798630085410766e+00
1.688582184517383178e+00 1.879010689956007285e+00 1.101751831851542907e+00 1.195709338126170529e+00 1.172483599999718296e+00 1.292366454559161548e+00 1.164819480070603763e+00 1.056735251500856565e+00 1.026127356349287645e+00 1.047046624601021936e+00
1.662620914409367101e+00 1.824362151301327506e+00 1.045389208490129951e+00 1.126392538778345109e+00 1.190348425635688656e+00 1.201025190441072255e+00 1.114947987462145296e+00 1.151543358805021233e+00 1.005626590983718982e+00 1.091069498727962328e+00
1.682168624574983173e+00 1.941978394127803265e+00 1.031090261600991376e+00 1.067458561618059187e+00 1.158716681833184214e+00 1.111682551359389981e+00 1.077426035039294128e+00 1.083397864646850728e+00 1.050521554174624672e+00 1.096207672134370537e+00
1.647260646522710426e+00 1.819569968051533149e+00 1.049001102472625790e+00 1.146557590646439362e+00 1.150889349848752907e+00 1.170762752714356703e+00 1.153149992091367704e+00 1.087711005803041697e+00 1.117675818173532232e+00 1.052945366565096519e+00
1.675243592322978925e+00 1.854347661795055169e+00 1.074747272799608133e+00 1.091777525515359226e+00 1.084532714394820463e+00 1.133582819271342634e+00 1.124419272344046261e+00 1.140905700668779499e+00 1.068608707675564595e+00 1.130171058793291383e+00
1.694658668147378755e+00 1.768806006585536661e+00 1.051774425468859686e+00 1.156199339995274578e+00 1.157810839467550146e+00 1.148019731281249234e+00 1.077069509154242821e+00 1.103572498261566226e+00 1.043734420140137287e+00 1.141531325512697315e+00
1.665403545988921152e+00 1.776058003398231833e+00 1.069299576368840210e+00 1.095343608540832792e+00 1.144395273193436591e+00 1.243726101369747816e+00 1.152600360737347618e+00 1.155461823599370774e+00 1.107213223176118699e+00 1.039376594358714545e+00
1.683952039969416115e+00 1.846677077215651996e+00 1.149473653582455013e+00 1.262543260019765690e+00 1.133514180249166170e+00 1.178945363019917814e+00 1.154397695152945102e+00 1.075668340726532834e+00 9.882544113352375037e-01 1.116786328980104992e+00
1.634869713581663886e+00 1.863734129026213937e+00 1.176145264124323964e+00 1.028980551911354402e+00 1.130542429583156316e+00 1.122536832336483936e+00 1.096168011483705351e+00 1.155739134880302776e+00 1.151083368892813485e+00 9.835753698128760769e-01
1.615287064186135435e+00 1.864330876217264343e+00 1.100530541815732954e+00 1.034998884061329338e+00 1.177741070178477623e+00 1.286103573304237191e+00 1.145076003627170103e+00 1.122657375222903875e+00 1.114630702091396364e+00 1.160851732052608387e+00
1.682198829980422472e+00 1.790394231067591324e+00 1.150441590888361398e+00 1.087673518871813849e+00 1.217375098144320100e+00 1.198448057247229803e+00 1.133882694467335472e+00 1.082312056860080807e+00 1.085344559440579504e+00 1.029600062643705405e+00
1.706340315334279101e+00 1.855924361285967494e+00 1.081863563900542946e+00 1.243048533421257096e+00 1.153198815046306391e+00 1.114171960416247886e+00 1.105412533691749299e+00 1.104977479359022574e+00 1.070631468002968267e+00 1.019198173365894133e+00
1.656797591128173819e+00 1.905035060367392008e+00 1.195729984654340772e+00 1.126649670478885756e+00 1.184948714009780524e+00 1.219525847934761709e+00 1.083131356138273604e+00 1.153438769094076610e+00 1.166054204940547789e+00 1.035774313293673865e+00
1.666243879782139281e+00 1.877673328530645502e+00 1.243678220349763386e+00 1.168153226009402967e+00 1.116077437243567561e+00 1.111123333786010692e+00 1.151481100196820151e+00 1.176408620626948176e+00 1.155988398953405438e+00 1.139380895574434227e+00
1.660979145701924509e+00 1.841147586419398685e+00 1.326996491969151482e+00 1.323191619076178327e+00 1.266558391205299117e+00 1.285040442378538428e+00 1.202845174280348317e+00 1.280275827910551056e+00 1.267617339589242276e+00 1.269785218997976362e+00
1.635707583401216914e+00 1.897656910592465662e+00 1.597647249355734766e+00 1.465376413785976162e+00 1.450776454237460378e+00 1.455587268034460591e+00 1.409428714992438270e+00 1.497614649805883547e+00 1.431493636863038654e+00 1.536198624162126158e+00
1.617972079426436061e+00 1.771634149115373091e+00 1.700761581887818563e+00 1.665572339269488999e+00 1.675262775179420238e+00 1.615568717784833241e+00 1.675796675122138923e+00 1.662903270852010174e+00 1.625591130201782697e+00 1.656193248987428923e+00
1.620530216659002765e+00 1.554030735325082180e+00 1.664586833437693647e+00 1.643021420929097198e+00 1.636951157547828162e+00 1.682411043774362680e+00 1.690080510759858656e+00 1.671120587446725869e+00 1.665972668645426147e+00 1.666919270519201524e+00
1.522958106556311586e+00 1.470593114256176337e+00 1.534888394012983159e+00 1.517826943683418861e+00 1.505108660395647391e+00 1.523031682684348853e+00 1.492480918072143004e+00 1.508863412570603968e+00 1.474957729312518007e+00 1.495714073993731352e+00
1.250330665677608089e+00 1.272050807953895024e+00 1.269754973139875176e+00 1.267402993624785257e+00 1.256472182462079923e+00 1.268182036902322896e+00 1.276357195085328522e+00 1.256434748259171341e+00 1.275071971427781836e+00 1.261111643852487640e+00
8.223154280470917898e-01 8.154742197050791619e-01 7.994962465305619492e-01 8.029289187583404930e-01 8.140135489221700382e-01 8.185175978498934191e-01 8.195860812853706934e-01 8.328796986540299985e-01 8.163425608592943528e-01 8.083186915091102875e-01
2.745365337912332171e-01 2.762494530651503077e-01 2.772280196346289527e-01 2.798258411936757062e-01 2.775944872209322178e-01 2.785543522400223959e-01 2.758684351267478019e-01 2.786775203013981406e-01 2.739547301978739746e-01 2.761207535060284379e-01
2.678511712267423461e-01 2.678511712267423461e-01 2.678511712267423461e-01 2.678511712267423461e-01 2.678511712267423461e-01 2.678511712267423461e-01 2.678511712267423461e-01 2.678511712267423461e-01 2.678511712267423461e-01 2.678511712267423461e-01
2.678511712267423461e-01 2.678511712267423461e-01 2.678511712267423461e-01 2.678511712267423461e-01 2.678511712267423461e-01 2.678511712267423461e-01 2.678511712267423461e-01 2.678511712267423461e-01 2.678511712267423461e-01 2.678511712267423461e-01
2.678511712267423461e-01 2.678511712267423461e-01 2.678511712267423461e-01 2.678511712267423461e-01 2.678511712267423461e-01 2.678511712267423461e-01 2.678511712267423461e-01 2.678511712267423461e-01 2.678511712267423461e-01 2.678511712267423461e-01
2.678511712267423461e-01 2.678511712267423461e-01 2.678511712267423461e-01 2.678511712267423461e-01 2.678511712267423461e-01 2.678511712267423461e-01 2.678511712267423461e-01 2.678511712267423461e-01 2.678511712267423461e-01 2.678511712267423461e-01
2.678511712267423461e-01 2.678511712267423461e-01 2.678511712267423461e-01 2.678511712267423461e-01 2.678511712267423461e-01 2.678511712267423461e-01 2.678511712267423461e-01 2.678511712267423461e-01 2.678511712267423461e-01 2.678511712267423461e-01
