6.852652380948182076e-01 6.263617797856396718e-01 5.567685738717623734e-01 5.590038807086477046e-01 5.614071886574820702e-01 5.579544263308138241e-01 5.518360025148099091e-01 5.476108598529116911e-01 5.462927383837451467e-01 5.432867528711929905e-01
6.848230953305112223e-01 6.267775880548547285e-01 5.614690515168458962e-01 5.595974125431030233e-01 5.635170772765455416e-01 5.589875845854570535e-01 5.516225155349055997e-01 5.471783904016469524e-01 5.459634675605097298e-01 5.454991243880149554e-01
6.850211705270499163e-01 6.269266463542674250e-01 5.608801317160572175e-01 5.587607893216436361e-01 5.603331375240275802e-01 5.567847077393818234e-01 5.506644037076919851e-01 5.476306084213340419e-01 5.465111162217648477e-01 5.440693644254408490e-01
6.859557832685421186e-01 6.268638923376602667e-01 5.605923930811858025e-01 5.588350618108074430e-01 5.605841787949653598e-01 5.588098903139842033e-01 5.477596822085492034e-01 5.471981530065529453e-01 5.472190055476666704e-01 5.443189402787705911e-01
6.849367666367798257e-01 6.270790405211692509e-01 5.586606291652362888e-01 5.560567239712861376e-01 5.602893442119991629e-01 5.587333119274496829e-01 5.501268268431371844e-01 5.469664142361536641e-01 5.438173982520951855e-01 5.445669710688995080e-01
6.848482860519156112e-01 6.272096926721242305e-01 5.598133572124431856e-01 5.584093607482212285e-01 5.602293198550963860e-01 5.582026044483715532e-01 5.534400166400441634e-01 5.483713163409124070e-01 5.468953318766918148e-01 5.458382974446063240e-01
6.846379873328385379e-01 6.262813259862194393e-01 5.596404780725735550e-01 5.585768524512777500e-01 5.609238846827233615e-01 5.585135853764966463e-01 5.494053880170115534e-01 5.480216596755829173e-01 5.484987051989255180e-01 5.428297139462512355e-01
6.858568136487233069e-01 6.274143526864178755e-01 5.601755030294767179e-01 5.594541106756940607e-01 5.607028869227156376e-01 5.582867964444322428e-01 5.502632654007075796e-01 5.452164853725911531e-01 5.475181916373125235e-01 5.450625937351540884e-01
6.852920790094009229e-01 6.277871682123105090e-01 5.598962442018707852e-01 5.588745661940645038e-01 5.602346038757000102e-01 5.585587740225518294e-01 5.502026244480239248e-01 5.466526822151883680e-01 5.462908019597700893e-01 5.422219296191319593e-01
6.849271022928141717e-01 6.272397922415235971e-01 5.617215836965209208e-01 5.562671321862867613e-01 5.633051354017228896e-01 5.585869394662171805e-01 5.513829627377127007e-01 5.483583707319310552e-01 5.461838097708604511e-01 5.444383524969098609e-01
6.858098960332790206e-01 6.267440783911376601e-01 5.612855196724829687e-01 5.573236509411848560e-01 5.601732152159918376e-01 5.581591946478124955e-01 5.499245513354525938e-01 5.486644435924891150e-01 5.481989432961993369e-01 5.481652771218348263e-01
6.845814018079566798e-01 6.271808194355658062e-01 5.630785962589046623e-01 5.617353954438697450e-01 5.586930598605110987e-01 5.569555168438181658e-01 5.521050161600219441e-01 5.487286573635313802e-01 5.490699447464857386e-01 5.489510439162572641e-01
6.852557945496122738e-01 6.265027003711738374e-01 5.709193070798945779e-01 5.714881868481004323e-01 5.685627536192661147e-01 5.655637399556475708e-01 5.642121629257755844e-01 5.613733804488605372e-01 5.609618653667500787e-01 5.619543630073197127e-01
6.853698644697003850e-01 6.296580502858294404e-01 5.968767597476433151e-01 5.904301651210100976e-01 5.957245085921923922e-01 5.932181363727546675e-01 5.938647164471368978e-01 5.917655938034813712e-01 5.925648107441161550e-01 5.912969707968502853e-01
6.855892138032162464e-01 6.493547874000590303e-01 6.310483519359884053e-01 6.248738951261605390e-01 6.207262869823132467e-01 6.215734876437977174e-01 6.216634476326504677e-01 6.228114483508142563e-01 6.219649681815557773e-01 6.214398091939548063e-01
6.877865429638012618e-01 6.731190711222819756e-01 6.710668952703803258e-01 6.680640239585982076e-01 6.631825716348335176e-01 6.583965527875900170e-01 6.566724852582034311e-01 6.550846267338034101e-01 6.538565757698345804e-01 6.559322067761977904e-01
7.428995210419694351e-01 7.475580023937439256e-01 7.437384989062210128e-01 7.417231110322179966e-01 7.447243192570881520e-01 7.440658991820402468e-01 7.437360777951944613e-01 7.427688271588910318e-01 7.435179101332693996e-01 7.433857986151382047e-01
1.154428626492709054e+00 1.154428626492709054e+00 1.154428626492709054e+00 1.154428626492709054e+00 1.154428626492709054e+00 1.154428626492709054e+00 1.154428626492709054e+00 1.154428626492709054e+00 1.154428626492709054e+00 1.154428626492709054e+00
1.154428626492709054e+00 1.154428626492709054e+00 1.154428626492709054e+00 1.154428626492709054e+00 1.154428626492709054e+00 1.154428626492709054e+00 1.154428626492709054e+00 1.154428626492709054e+00 1.154428626492709054e+00 1.154428626492709054e+00
1.154428626492709054e+00 1.154428626492709054e+00 1.154428626492709054e+00 1.154428626492709054e+00 1.154428626492709054e+00 1.154428626492709054e+00 1.154428626492709054e+00 1.154428626492709054e+00 1.154428626492709054e+00 1.154428626492709054e+00
