5.559722019887775035e-01 5.559722019887585187e-01 5.559722019886865763e-01 5.559722019884133504e-01 5.559722019873608589e-01 5.559722019834418827e-01 5.559722019687003414e-01 5.559722019145449945e-01 5.559722017343798894e-01 5.559722014139950597e-01 5.559722054193680929e-01 5.559722957046954184e-01 5.559737183212387635e-01 5.559946518895227952e-01 5.562975531243069538e-01 5.606613954807968536e-01 6.234587191251919069e-01 9.999987116046661351e-01 9.999987116046661351e-01 9.999987116046661351e-01
5.028340542518726641e-01 5.028340542515686851e-01 5.028340542504174948e-01 5.028340542460612017e-01 5.028340542295898219e-01 5.028340541676830089e-01 5.028340539409305032e-01 5.028340531904563759e-01 5.028340519091474281e-01 5.028340697604356535e-01 5.028344645708989757e-01 5.028406773090255966e-01 5.029321979322612934e-01 5.042568095365109748e-01 5.192050806632674265e-01 5.422173097031096622e-01 6.115768732958934972e-01 9.999987116046661351e-01 9.999987116046661351e-01 9.999987116046661351e-01
4.657374865475608638e-01 4.657374865389013463e-01 4.657374865060627256e-01 4.657374863815703092e-01 4.657374859101978126e-01 4.657374841383693509e-01 4.657374776178151987e-01 4.657374553105612658e-01 4.657374068734591033e-01 4.657377456096183366e-01 4.657465074055117671e-01 4.658849017132073445e-01 4.673092255336233625e-01 4.779019228569907907e-01 5.049269654456752798e-01 5.391555732066278805e-01 6.071989939224702315e-01 9.999987116046661351e-01 9.999987116046661351e-01 9.999987116046661351e-01
4.629863466351665235e-01 4.629863480791020502e-01 4.629863535555065468e-01 4.629863743258745279e-01 4.629864531023376029e-01 4.629867518831779494e-01 4.629878849947708375e-01 4.629921840077615980e-01 4.630085031743497725e-01 4.630706410172871768e-01 4.633091594855059947e-01 4.642792009005197729e-01 4.688289576719412710e-01 4.766910729668962787e-01 5.005078393896666977e-01 5.363503999959310375e-01 6.069804582507309920e-01 9.999987116046661351e-01 9.999987116046661351e-01 9.999987116046661351e-01
4.577177697570321557e-01 4.577177705446295874e-01 4.577177735317539131e-01 4.577177848626974854e-01 4.577178278382431076e-01 4.577179909025271276e-01 4.577186102742853424e-01 4.577209731926211167e-01 4.577301268050809613e-01 4.577676134044905143e-01 4.579485060199542934e-01 4.590480656310085839e-01 4.662882139453672359e-01 4.782624018691224999e-01 4.997435719476194249e-01 5.293192989584982744e-01 6.069680857877813862e-01 9.999987116046661351e-01 9.999987116046661351e-01 9.999987116046661351e-01
4.515957970151596723e-01 4.515957978131729389e-01 4.515958008398010537e-01 4.515958123190180196e-01 4.515958558626048669e-01 4.515960210321954271e-01 4.515966478673660300e-01 4.515990335906651110e-01 4.516081994941207323e-01 4.516448243337104484e-01 4.518072753635089533e-01 4.526915085919996362e-01 4.595189223585488536e-01 4.781782819547994445e-01 5.003748295335009866e-01 5.261590811485963304e-01 6.069680839915145842e-01 9.999987116046661351e-01 9.999987116046661351e-01 9.999987116046661351e-01
4.475279322207524335e-01 4.475279316647400307e-01 4.475279295559752013e-01 4.475279215586477344e-01 4.475278912320455049e-01 4.475277763047518786e-01 4.475273415461179516e-01 4.475257092748322063e-01 4.475197293116568997e-01 4.474991911777453923e-01 4.474528504737992352e-01 4.478866336172006579e-01 4.542061052276739619e-01 4.781320571598215996e-01 5.003770033020644714e-01 5.249787788772344310e-01 6.069680839915145842e-01 9.999987116046661351e-01 9.999987116046661351e-01 9.999987116046661351e-01
4.439247845557191541e-01 4.439247844576034163e-01 4.439247840854999572e-01 4.439247826746736125e-01 4.439247773277612552e-01 4.439247571583962992e-01 4.439246823948751475e-01 4.439244199636693256e-01 4.439237259258071999e-01 4.439256643097663213e-01 4.440023235423924963e-01 4.450942154558575892e-01 4.521969918804479294e-01 4.779299094060546205e-01 5.003741969557357061e-01 5.249033397838787085e-01 6.069680839915145842e-01 9.999987116046661351e-01 9.999987116046661351e-01 9.999987116046661351e-01
4.408213258336352025e-01 4.408213271394920696e-01 4.408213320923261014e-01 4.408213508770354450e-01 4.408214221283023315e-01 4.408216924523747915e-01 4.408227191726390437e-01 4.408266343362331474e-01 4.408417795846052423e-01 4.409031983692551226e-01 4.411897353493990925e-01 4.430104601186742319e-01 4.514181707173564595e-01 4.752396670717825566e-01 5.003715174884194594e-01 5.252243136871921347e-01 6.069680839915145842e-01 9.999987116046661351e-01 9.999987116046661351e-01 9.999987116046661351e-01
4.381534188704981903e-01 4.381534207622427290e-01 4.381534279370623008e-01 4.381534551492020091e-01 4.381535583616881224e-01 4.381539499101466117e-01 4.381554362307052419e-01 4.381610923518380329e-01 4.381828191382767801e-01 4.382692749871089921e-01 4.386638450023673808e-01 4.410136613536657646e-01 4.512104102759478819e-01 4.725986887639432865e-01 5.003702991253577981e-01 5.252472258868169375e-01 6.069680839915145842e-01 9.999987116046661351e-01 9.999987116046661351e-01 9.999987116046661351e-01
