5.459595848700571352e-01 5.459595848700571352e-01 5.459595848700571352e-01 5.459595848700571352e-01 5.459595848700580234e-01 5.459595848700692367e-01 5.459595848702317733e-01 5.459595848725691258e-01 5.459595849061965600e-01 5.459595853899217310e-01 5.459595923481127544e-01 5.459596924383846028e-01 5.459611321874737744e-01 5.459818422592350728e-01 5.462797462732020826e-01 5.505649462666790672e-01 6.122054009274646713e-01 1.000000000000000000e+00 1.000000000000000000e+00 1.000000000000000000e+00
4.931599868183679791e-01 4.931599868183679791e-01 4.931599868183682012e-01 4.931599868183715873e-01 4.931599868184207702e-01 4.931599868191312575e-01 4.931599868293987665e-01 4.931599869777014145e-01 4.931599891172661621e-01 4.931600200010317625e-01 4.931604654366192331e-01 4.931668894249452983e-01 4.932595015151075013e-01 4.945930030121519216e-01 5.101335217623079732e-01 5.307168296187830814e-01 6.009607870216595593e-01 1.000000000000000000e+00 1.000000000000000000e+00 1.000000000000000000e+00
4.644168333766013346e-01 4.644168333915214553e-01 4.644168334481127425e-01 4.644168336628006766e-01 4.644168344778357160e-01 4.644168375803722215e-01 4.644168495107591221e-01 4.644168971098341370e-01 4.644171145769778741e-01 4.644184701543456750e-01 4.644311065377773606e-01 4.645844931228528818e-01 4.657378483462916163e-01 4.762928517517796556e-01 4.962717464578578208e-01 5.273802378242069544e-01 5.954073409271510853e-01 1.000000000000000000e+00 1.000000000000000000e+00 1.000000000000000000e+00
4.623612814886203792e-01 4.623612828755086501e-01 4.623612881355501636e-01 4.623613080853175017e-01 4.623613837494572887e-01 4.623616707323781050e-01 4.623627593463308094e-01 4.623668876254108384e-01 4.623825616530785054e-01 4.624420221147071963e-01 4.626675935203709567e-01 4.635456854664773418e-01 4.672613937330395983e-01 4.759264560843871616e-01 4.920912781110287626e-01 5.273802378236118749e-01 5.954405371968914951e-01 1.000000000000000000e+00 1.000000000000000000e+00 1.000000000000000000e+00
4.567697612124637097e-01 4.567697612660151507e-01 4.567697614691303976e-01 4.567697622396519330e-01 4.567697651644150314e-01 4.567697763651301091e-01 4.567698188503397372e-01 4.567699921682537578e-01 4.567707945153416937e-01 4.567760590516877217e-01 4.568980698336226887e-01 4.580871640403624268e-01 4.654703453549769443e-01 4.760235494918073074e-01 4.914448220426194114e-01 5.206146856848737903e-01 5.954404145583356289e-01 1.000000000000000000e+00 1.000000000000000000e+00 1.000000000000000000e+00
4.508190428785233683e-01 4.508190436328755601e-01 4.508190464939094699e-01 4.508190573450676641e-01 4.508190985022040298e-01 4.508192544609629371e-01 4.508198467429093137e-01 4.508220977002180829e-01 4.508307331353644254e-01 4.508649153391092179e-01 4.510398203933757011e-01 4.521479553329281753e-01 4.590608103397935125e-01 4.759771115556201138e-01 4.918503195185152110e-01 5.173354994861956158e-01 5.954404145583356289e-01 1.000000000000000000e+00 1.000000000000000000e+00 1.000000000000000000e+00
4.464489524307902468e-01 4.464489531207211925e-01 4.464489557374329287e-01 4.464489656620649338e-01 4.464490033067737285e-01 4.464491459323132738e-01 4.464496853260991882e-01 4.464517131048592047e-01 4.464592118882970140e-01 4.464870594258655845e-01 4.466097922088133054e-01 4.474452951154270219e-01 4.537598091779028731e-01 4.757806054476605984e-01 4.918501800215964170e-01 5.162371936859289079e-01 5.954404145583356289e-01 1.000000000000000000e+00 1.000000000000000000e+00 1.000000000000000000e+00
4.428849392445864952e-01 4.428849398827879869e-01 4.428849423033114907e-01 4.428849514839453549e-01 4.428849863081000260e-01 4.428851183817987813e-01 4.428856211490406203e-01 4.428875447708139901e-01 4.428950557828601475e-01 4.429269754096162859e-01 4.431140157135231572e-01 4.444312856577289361e-01 4.506102866485254266e-01 4.755658782811602592e-01 4.918502931668985445e-01 5.161691527499208121e-01 5.954404145583356289e-01 1.000000000000000000e+00 1.000000000000000000e+00 1.000000000000000000e+00
4.399136071639748180e-01 4.399136085511867189e-01 4.399136138124715156e-01 4.399136337671883945e-01 4.399137094534611436e-01 4.399139964355012755e-01 4.399150856608348148e-01 4.399192194188664140e-01 4.399350674139034800e-01 4.399978883203857216e-01 4.402978398570772667e-01 4.423137068147302564e-01 4.491959719671614892e-01 4.736737190690302191e-01 4.918504397373714698e-01 5.165873988149450868e-01 5.954404145583356289e-01 1.000000000000000000e+00 1.000000000000000000e+00 1.000000000000000000e+00
4.374863845636913773e-01 4.374863865526756879e-01 4.374863940962971376e-01 4.374864227072068346e-01 4.374865312237005144e-01 4.374869429775692931e-01 4.374885077784714249e-01 4.374944806926507890e-01 4.375176943891906367e-01 4.376146933943258488e-01 4.380693769118893521e-01 4.405869865861228862e-01 4.490432318511605181e-01 4.701852705369079510e-01 4.918502068020910722e-01 5.165873481573752812e-01 5.954404145583356289e-01 1.000000000000000000e+00 1.000000000000000000e+00 1.000000000000000000e+00
