1.528708809298506277e-01 2.672437638284336225e-01 1.391190232816516270e-01 2.727435969047404818e-01 3.530570351597728251e-01 6.051379347809163894e-02 1.753921590068793501e-01 2.675008152313008147e-01 1.159999596821785356e-01 1.833887761201986599e-01
1.081421094545523404e-01 1.687297858893390956e-01 9.165840406299256837e-02 2.376601491704024294e-01 2.547960358948310744e-01 2.314566488257307209e-01 2.788302473874313958e-01 1.769449736543089180e-01 1.524392820422369454e-01 3.316910854691994537e-01
1.066331645418616692e-01 1.290962253439973673e-01 3.204476694958574012e-01 1.176899497218260454e-01 1.347700326711297747e-01 4.917667706288140345e-02 1.307756185223934720e-01 1.370328753213277129e-01 1.931537381317809388e-01 1.206307868641706138e-01
1.334535604621066296e-01 4.393656932888993089e-02 7.263839355057774561e-02 1.119333607756593518e-01 1.540316078189362115e-01 1.870069982107763762e-01 1.145682289504019735e-01 1.537249344934293049e-01 8.841762822671338229e-02 1.333593350125521215e-01
1.303081116169529374e-01 1.355163281321997149e-01 1.174863634710038296e-01 9.913036468280940483e-02 1.203039251095116696e-01 1.479979478672657223e-01 1.369620716004080474e-01 1.433865231133459872e-01 1.402837956634105654e-01 1.610793946257889908e-01
1.127660878412097278e-01 1.268414395488460245e-01 1.711302916045630562e-01 1.243859632921291009e-01 1.244839645411093959e-01 1.331116090697178345e-01 1.200765123819954039e-01 1.965399138270762791e-01 9.605357639393674596e-02 1.527179824940894937e-01
1.941501074851012254e-01 2.253542683268557056e-01 2.318382057444330624e-01 9.592207699389614095e-02 8.501594144332845493e-02 2.072447365791194318e-01 1.097318300013034736e-01 1.310576516165766203e-01 1.246092603669642501e-01 6.952487381917593634e-02
9.363118569228395804e-02 1.007750969506967520e-01 1.235657046846609236e-01 1.496306287265921631e-01 9.140908098096978129e-02 1.266753011227561843e-01 1.319942125125625754e-01 2.155601321678300153e-01 1.501730253676650528e-01 1.094289760967542130e-01
1.536387503726678871e-01 4.012710279455770634e-01 4.012709691485227270e-01 1.029005880431454051e-01 3.023962446477988508e-01 3.023962388998859829e-01 3.023924494913613481e-01 9.897338164285934825e-02 4.012706669268812920e-01 4.012710278963603217e-01
4.012692917822014427e-01 4.012710279438436722e-01 3.023962446492955980e-01 4.012710279455770634e-01 4.012710279455770634e-01 3.023962446492955980e-01 4.012710279455770634e-01 4.012710279455770634e-01 3.023962446492955980e-01 4.012710279455770634e-01
