1.528708760708180903e-01 2.672437450797273129e-01 1.391189568860593528e-01 2.727425155442279592e-01 3.530541112157378758e-01 6.051821965446816526e-02 1.753351085621895622e-01 2.671017666474902463e-01 1.160132945187934972e-01 1.784098816039740854e-01
1.081421078119760293e-01 1.687296717514750466e-01 9.165849276494097975e-02 2.376572216924297543e-01 2.547863484831297542e-01 2.314099528112790460e-01 2.786928298773284629e-01 1.756272420235549803e-01 1.479185637008079979e-01 3.006129830971633887e-01
1.066331797190920722e-01 1.290961121705358483e-01 3.204443622959545768e-01 1.176820021101689789e-01 1.347481768265148816e-01 4.930951880899003131e-02 1.304859771578282257e-01 1.307315819107671417e-01 1.692071726101449791e-01 1.078949966119042564e-01
1.334534847579232353e-01 4.393818018180874890e-02 7.262730427802641109e-02 1.119380716607701887e-01 1.539378253223296356e-01 1.861869322959076867e-01 1.152232581469299771e-01 1.468471582309364420e-01 1.154954134125626281e-01 1.177008099879616188e-01
1.303083275927565954e-01 1.355164624305388310e-01 1.174915402205431031e-01 9.913854296300356195e-02 1.203889595559239772e-01 1.477164487231685808e-01 1.364464030460474098e-01 1.323418480872257386e-01 1.214981394776201845e-01 1.162862258441400148e-01
1.127659850489213939e-01 1.268466035378468804e-01 1.711116386731635630e-01 1.245038022661435068e-01 1.248371816442134241e-01 1.358160026916078733e-01 1.342595766380421940e-01 1.645773752741465923e-01 1.168135805868993349e-01 1.322332934434744256e-01
1.941496425014018756e-01 2.253455412541589820e-01 2.318387198697867413e-01 9.606773508987799526e-02 8.588968800464684417e-02 2.133126963570636525e-01 1.333960814245475357e-01 1.325448887123296948e-01 1.473416412696661737e-01 1.001107478454656002e-01
9.363377000317364696e-02 1.007851700572311993e-01 1.239757446786320244e-01 1.496691746910895349e-01 9.618469127725842727e-02 1.312649196564660281e-01 1.808029229658935366e-01 2.815421287951438423e-01 3.906744937193198930e-01 3.023881076180016669e-01
4.012710279455554141e-01 4.012709845810049636e-01 2.138785844656928559e-01 4.012708659829433699e-01 2.229479809534880008e-01 4.012710279455770634e-01 1.472597886936506673e-01 2.867700435495883493e-01 3.023962446492955980e-01 1.377155075195452272e-01
4.012710279455770634e-01 4.012710279455770634e-01 4.012710279455770634e-01 3.023897644182466649e-01 4.012710279455770634e-01 4.012710279455770634e-01 4.012710279455770634e-01 4.012710270462933049e-01 4.012710279455770634e-01 3.023962446492955980e-01
