6.853410003164018827e-01 6.263876372172603180e-01 5.567749581504218837e-01 5.317856019542093193e-01 5.492170380778584882e-01 5.371823493114983306e-01 5.152365572090068513e-01 5.143624810985801821e-01 4.921814434816145778e-01 4.842437705312098717e-01
6.846309761482270995e-01 6.270411237935894500e-01 5.616624959730888156e-01 5.328186163957078225e-01 5.547370381410436924e-01 5.397855265301204630e-01 5.142816133893370889e-01 5.140897246534007481e-01 4.896535169905921192e-01 4.878232311936086529e-01
6.851429585483505003e-01 6.270659077292307648e-01 5.606823912307319357e-01 5.333717046353730895e-01 5.508933080351586797e-01 5.383555476307315679e-01 5.117878326243243681e-01 5.164486012113295166e-01 4.917627946182948073e-01 4.876974485111068569e-01
6.856827663812246065e-01 6.271891127783049136e-01 5.601364356909731557e-01 5.320965931713349528e-01 5.496713744461176887e-01 5.396975937791335109e-01 5.096098896450360627e-01 5.152307514869621796e-01 4.862838297351314010e-01 4.889570121817641279e-01
6.850521720695410544e-01 6.269758995291354609e-01 5.582121814678309146e-01 5.303822485406328724e-01 5.525387326232301666e-01 5.409357919984857377e-01 5.144020702783180798e-01 5.167106250483342045e-01 4.862946016564464458e-01 4.856446107946367774e-01
6.848091174092563183e-01 6.274032745603057570e-01 5.597499891906527747e-01 5.317538994311548084e-01 5.493807825846338533e-01 5.393336245432199805e-01 5.157936300336691815e-01 5.148894039314808602e-01 5.008138496980412135e-01 4.905953839107546899e-01
6.849036868630886676e-01 6.261738603521083135e-01 5.593827492265518453e-01 5.331857523297324208e-01 5.526021312319073786e-01 5.372735013488916245e-01 5.093356728571353242e-01 5.179960399826927242e-01 5.044550446773228281e-01 4.933999866638106857e-01
6.857203609208624151e-01 6.272357162478288117e-01 5.604091704459630563e-01 5.331283985903692013e-01 5.493960422653975106e-01 5.358500366749173738e-01 5.146085645866951275e-01 5.100200157259706657e-01 5.075295371628827379e-01 5.025759011415178446e-01
6.849923959777645122e-01 6.272675489104304614e-01 5.586740053023359076e-01 5.324826613626136851e-01 5.539360987701205108e-01 5.382249361035782442e-01 5.148487706985483969e-01 5.108198167981790050e-01 5.125445478106984698e-01 5.063098685105379415e-01
6.850091967913048974e-01 6.273679944147109167e-01 5.609174350936618758e-01 5.311504083426753509e-01 5.543901109634016278e-01 5.382627269442458173e-01 5.206680834045541717e-01 5.131130768227314398e-01 5.133810774315620273e-01 5.116480881157363658e-01
6.856962519368090536e-01 6.265606388084308254e-01 5.609276044463260558e-01 5.299846354892846501e-01 5.527461999546586791e-01 5.342081634339742591e-01 5.248212931813419635e-01 5.170007516920080981e-01 5.154769589715634259e-01 5.186641885323496348e-01
6.845163993353935439e-01 6.266810349188738360e-01 5.606710622920654252e-01 5.337543514639458975e-01 5.468016767255384769e-01 5.327812447796457240e-01 5.322247864780725868e-01 5.211717264692853346e-01 5.164215886672542943e-01 5.126566966321927099e-01
6.850859916670714034e-01 6.262892297389952567e-01 5.594729194395958727e-01 5.323025366869730268e-01 5.460913449165013533e-01 5.367883864154342488e-01 5.317327155340192402e-01 5.270976061598089402e-01 5.205294543667560170e-01 5.177119031903656410e-01
6.850789656795428506e-01 6.274284902686283472e-01 5.587687708161335198e-01 5.281082400772451058e-01 5.420465578204280988e-01 5.356639786254047131e-01 5.311284760454859644e-01 5.301419893706319497e-01 5.231723494173221578e-01 5.220429880525445654e-01
6.855146163134481219e-01 6.269182651419636931e-01 5.602012194978669424e-01 5.366219793288246054e-01 5.381091440851571983e-01 5.375422086533325761e-01 5.334948823809515517e-01 5.318393659293128017e-01 5.262602524515955782e-01 5.257632626166162115e-01
6.850285307879572239e-01 6.271563461180553745e-01 5.614906316855409196e-01 5.436501623547002060e-01 5.388495876501298021e-01 5.402740879331846546e-01 5.402512426673993229e-01 5.377866094134103880e-01 5.296425614893256473e-01 5.288508766511546000e-01
6.847858738595359318e-01 6.270667993070677682e-01 5.611483022890499939e-01 5.502422617946409744e-01 5.467744167005094136e-01 5.424003898738921636e-01 5.424368301704606266e-01 5.443723276172199865e-01 5.407340560849107636e-01 5.394328377385658735e-01
6.852155396039419921e-01 6.271702547748080336e-01 5.682347701584110622e-01 5.622742702032512696e-01 5.577161614950095769e-01 5.555545366151966036e-01 5.535554122192819504e-01 5.540910839598511828e-01 5.512753185655484556e-01 5.539484642172529671e-01
6.857606410147322196e-01 6.288753281905440362e-01 5.838435437055161659e-01 5.738022620156288944e-01 5.739613358387227748e-01 5.723800648072822073e-01 5.687040697197653927e-01 5.670913500068155422e-01 5.683803769805541029e-01 5.660211201869710385e-01
6.859321067234066538e-01 6.353779542374704548e-01 6.069397867747793329e-01 5.932579188386647440e-01 5.893607739357497044e-01 5.894676732586093815e-01 5.906790131738237637e-01 5.888289250090354976e-01 5.880107061623699449e-01 5.875079444274204921e-01
