5.559717070809517825e-01 5.559717070809517825e-01 5.559717070809517825e-01 5.559717070809517825e-01 5.559717070809517825e-01 5.559717070809517825e-01 5.559717070809517825e-01 5.559717070809517825e-01 5.559717070809517825e-01 5.559717070809518935e-01 5.559717070809535588e-01 5.559717070809757633e-01 5.559717070812979500e-01 5.559717070859299115e-01 5.559717071525558385e-01 5.559717081108663805e-01 5.559717218917598069e-01 5.559719199091933683e-01 5.559747566694116516e-01 5.560149369021807342e-01
5.028329193077922810e-01 5.028329193077922810e-01 5.028329193077922810e-01 5.028329193077923920e-01 5.028329193077922810e-01 5.028329193077922810e-01 5.028329193077922810e-01 5.028329193077923920e-01 5.028329193077936132e-01 5.028329193078109327e-01 5.028329193080594006e-01 5.028329193116339857e-01 5.028329193630507454e-01 5.028329201025343309e-01 5.028329307331005360e-01 5.028330832926820593e-01 5.028352585338381475e-01 5.028655297735513674e-01 5.032513169883279236e-01 5.069478328107057674e-01
4.654821451490318007e-01 4.654821451490318007e-01 4.654821451490318007e-01 4.654821451490318007e-01 4.654821451490318007e-01 4.654821451490318007e-01 4.654821451490321893e-01 4.654821451490370743e-01 4.654821451491075734e-01 4.654821451501224283e-01 4.654821451647186414e-01 4.654821453746255111e-01 4.654821483911565916e-01 4.654821916263618964e-01 4.654828051551929136e-01 4.654911977713208637e-01 4.655925456612008406e-01 4.664693395462299885e-01 4.708612556370296298e-01 4.834314370013763629e-01
4.501632941090719098e-01 4.501632941090719098e-01 4.501632941090719098e-01 4.501632941090719653e-01 4.501632941090738527e-01 4.501632941090999429e-01 4.501632941094745322e-01 4.501632941148622780e-01 4.501632941923509046e-01 4.501632953062842946e-01 4.501633112915130464e-01 4.501635391687244803e-01 4.501667082989707636e-01 4.502070459863305452e-01 4.505960956538309081e-01 4.526154538642154224e-01 4.575169123587977671e-01 4.641707425003621657e-01 4.696221928503363507e-01 4.768172666190187980e-01
4.425622928812597001e-01 4.425622928812598111e-01 4.425622928812618651e-01 4.425622928812907309e-01 4.425622928817062873e-01 4.425622928876844497e-01 4.425622929736489075e-01 4.425622942087388267e-01 4.425623118949236767e-01 4.425625620078350586e-01 4.425659390240423430e-01 4.426047604885562370e-01 4.428853199021675624e-01 4.437100771357013196e-01 4.446837095668009776e-01 4.461746407285074878e-01 4.504369989542192920e-01 4.583953961758678863e-01 4.681452092012002852e-01 4.769258450004126848e-01
4.212369324606103360e-01 4.212369324607957988e-01 4.212369324634677170e-01 4.212369325019099664e-01 4.212369330545720492e-01 4.212369409844873291e-01 4.212370539701500993e-01 4.212386222514071799e-01 4.212584561507683456e-01 4.214463810897935980e-01 4.223707132126932606e-01 4.242317509837738032e-01 4.261458820207985054e-01 4.284538857897260411e-01 4.336970846359349818e-01 4.399808516305011574e-01 4.449362086715626385e-01 4.522906911755446013e-01 4.637878386271218067e-01 4.766030306000819117e-01
4.075374381885144004e-01 4.075374382300984699e-01 4.075374388281559623e-01 4.075374473995198032e-01 4.075375689369021837e-01 4.075392262997284409e-01 4.075590207516702757e-01 4.077247891801866198e-01 4.085106038932851402e-01 4.106581714011031670e-01 4.142444479020870318e-01 4.180768754500223672e-01 4.217628833966645674e-01 4.249627108846027457e-01 4.280014463668978530e-01 4.334680254653988096e-01 4.403931396815528032e-01 4.476538299749034944e-01 4.588661811229279297e-01 4.742704410973507256e-01
4.005066842378300906e-01 4.005067840935340184e-01 4.005081748019906351e-01 4.005257331657591235e-01 4.006901966818038341e-01 4.014825248795141910e-01 4.031279888494224695e-01 4.048740824905077140e-01 4.061353587438894519e-01 4.074038682981550030e-01 4.094062585096062135e-01 4.126433719216408003e-01 4.167379112548864617e-01 4.210140491932093942e-01 4.247372849224126945e-01 4.291591448549752497e-01 4.363277619080265235e-01 4.443973663511500694e-01 4.549097698950059221e-01 4.709000641850616953e-01
3.741135295068068745e-01 3.741681918882805435e-01 3.746068492892106749e-01 3.766092397383528079e-01 3.815517768383268060e-01 3.879186353728017456e-01 3.934029916672245331e-01 3.981572319537613480e-01 4.023337769435441080e-01 4.053414984028720913e-01 4.075531791993662334e-01 4.101597234363727473e-01 4.134772956632011831e-01 4.174209129728881362e-01 4.215944371411756708e-01 4.258943034812426309e-01 4.327627337706593247e-01 4.418040845021377061e-01 4.521677776770220980e-01 4.676435549199786657e-01
3.501637055600850812e-01 3.551939174473274230e-01 3.595660186778866230e-01 3.637412252226785991e-01 3.680732338505724455e-01 3.743736764512354265e-01 3.828961577804723682e-01 3.906117816837505474e-01 3.968458830802462645e-01 4.019854244177395453e-01 4.057267824373963494e-01 4.087363524504472601e-01 4.120089964775200397e-01 4.153926264747028752e-01 4.190935406965515808e-01 4.232125038707299503e-01 4.295637305145028617e-01 4.393690237191428816e-01 4.502565648430955081e-01 4.650607316637452859e-01
