5.459595848700571352e-01 5.459595848700571352e-01 5.459595848700571352e-01 5.459595848700571352e-01 5.459595848700571352e-01 5.459595848700571352e-01 5.459595848700571352e-01 5.459595848700571352e-01 5.459595848700571352e-01 5.459595848700573573e-01 5.459595848700595777e-01 5.459595848700908860e-01 5.459595848705434129e-01 5.459595848770517623e-01 5.459595849706680992e-01 5.459595863171756713e-01 5.459596056795686936e-01 5.459598838468135984e-01 5.459638660730262716e-01 5.460201249546643432e-01
4.931599868183679236e-01 4.931599868183679791e-01 4.931599868183679236e-01 4.931599868183679236e-01 4.931599868183679236e-01 4.931599868183679236e-01 4.931599868183679791e-01 4.931599868183680346e-01 4.931599868183698110e-01 4.931599868183939583e-01 4.931599868187422908e-01 4.931599868237522277e-01 4.931599868958142507e-01 4.931599879321914015e-01 4.931600028291024396e-01 4.931602165230097312e-01 4.931632584849605649e-01 4.932053358940510224e-01 4.937302396489753886e-01 4.984478544986358228e-01
4.642985346856821072e-01 4.642985346856821072e-01 4.642985346856821072e-01 4.642985346856821072e-01 4.642985346856821072e-01 4.642985346856822182e-01 4.642985346856825513e-01 4.642985346856872142e-01 4.642985346857564366e-01 4.642985346867512519e-01 4.642985347010606390e-01 4.642985349068343148e-01 4.642985378635603455e-01 4.642985802193982381e-01 4.642991800878634168e-01 4.643073269543082637e-01 4.644033732682202320e-01 4.651860981137210249e-01 4.688532612060214988e-01 4.796262110985030636e-01
4.528143542559687762e-01 4.528143542559687762e-01 4.528143542559689427e-01 4.528143542559689427e-01 4.528143542559703860e-01 4.528143542559908141e-01 4.528143542562867441e-01 4.528143542605420624e-01 4.528143543217426070e-01 4.528143552014967099e-01 4.528143678245324932e-01 4.528145476825601867e-01 4.528170443503453657e-01 4.528486121344746929e-01 4.531474111545271688e-01 4.546784947278354472e-01 4.586373653148236307e-01 4.641262385124674816e-01 4.684887212309024052e-01 4.748016909349229708e-01
4.424968483146431431e-01 4.424968483146434206e-01 4.424968483146473064e-01 4.424968483146993203e-01 4.424968483154505527e-01 4.424968483262562424e-01 4.424968484816361181e-01 4.424968507136468054e-01 4.424968826543350664e-01 4.424973332289364736e-01 4.425033617557537213e-01 4.425705961869229044e-01 4.430220794707132592e-01 4.442623901694669475e-01 4.458796306840666634e-01 4.480353446174800691e-01 4.520721366562263643e-01 4.588088478266441061e-01 4.673439653343419153e-01 4.751851555480547384e-01
4.197750495972232820e-01 4.197750495974924001e-01 4.197750496013704091e-01 4.197750496570889500e-01 4.197750504580489705e-01 4.197750619486338985e-01 4.197752255624644380e-01 4.197774909964775980e-01 4.198058581095261976e-01 4.200643779559543600e-01 4.212128031038266940e-01 4.232600609003662750e-01 4.253289463476589427e-01 4.281276119755526022e-01 4.340727324203836890e-01 4.406538508774685003e-01 4.459689644333153513e-01 4.528345825565625593e-01 4.630724362233510916e-01 4.748859853838841016e-01
4.106365359135811244e-01 4.106365359490603550e-01 4.106365364574334209e-01 4.106365437365458448e-01 4.106366468607582920e-01 4.106380497980686162e-01 4.106547402580958961e-01 4.107968188780694585e-01 4.115084345178598446e-01 4.133081859857976048e-01 4.157626176032348519e-01 4.184467912712766524e-01 4.216918391704368996e-01 4.247208723882007209e-01 4.280368856525072485e-01 4.338477973596553960e-01 4.406892525446606812e-01 4.478000611875828096e-01 4.580279608992907092e-01 4.724775605882054474e-01
4.047630893545097752e-01 4.047632237408359535e-01 4.047650742702581517e-01 4.047878610224330820e-01 4.049861248291771743e-01 4.058029052886817367e-01 4.071944660731637300e-01 4.085220664898875920e-01 4.096144366665736558e-01 4.108548805940445137e-01 4.126496709807456198e-01 4.150325807548352341e-01 4.179759297334126322e-01 4.216434330618432091e-01 4.251786806074768221e-01 4.297626891069690203e-01 4.366144109519238259e-01 4.440800812775923534e-01 4.537954364771626947e-01 4.688721743866879343e-01
3.802847565957706011e-01 3.803304861194412578e-01 3.807252064253899282e-01 3.828003582770779234e-01 3.881050475390595000e-01 3.944570904724835625e-01 3.996096903915072884e-01 4.038281872268290607e-01 4.070893241053421541e-01 4.092977728948682947e-01 4.111759583451471411e-01 4.134206244576164035e-01 4.158845093627954181e-01 4.189373600073050818e-01 4.226808442187590664e-01 4.269960875264304234e-01 4.335658070756581162e-01 4.414770443301802572e-01 4.507677859335824100e-01 4.652959209272821695e-01
3.541850209961188711e-01 3.592481597590483910e-01 3.640484523151744090e-01 3.686000789549467860e-01 3.732198754660239204e-01 3.799231697839027255e-01 3.886928763957616106e-01 3.964085536003808530e-01 4.022363347028135583e-01 4.065904923249378244e-01 4.096321484745206742e-01 4.122662172454036322e-01 4.149649666107695922e-01 4.175122889214381572e-01 4.206868866102755899e-01 4.247486835363151192e-01 4.310238871898506297e-01 4.395066011679805706e-01 4.487758579247709823e-01 4.624203582625619480e-01
